[0.1958508  0.14242326 0.02468377 0.1591572  0.16873972 0.11934958
 0.04916749 0.13427427 0.14757619 0.03731924 0.059604   0.03220736
 0.16809247 0.17497365 0.01875662 0.075843   0.02787596 0.11252021
 0.15428548 0.1030559  0.11234164 0.15750151 0.07420721 0.01570519
 0.10481942]
[0.60461092 0.14896046 0.4484876  0.52748084 0.93231504 0.19581137
 0.89827143 0.2566816  0.89697975 0.69434255 0.75973353 0.16815019
 0.71828813 0.29560763 0.7406945  0.90934106 0.66220007 0.83088388
 0.18620833 0.3377595  0.90023046 0.56470214 0.3025984  0.18398398
 0.41566567]
