Number of all devices 25
Number of available devices 25
Available devices:
[1. 1. 1. 1. 1. 1. 1. 1. 1. 1. 1. 1. 1. 1. 1. 1. 1. 1. 1. 1. 1. 1. 1. 1.
 1.]
Error rates of available devices
[0.02 0.01 0.06 0.02 0.01 0.01 0.01 0.03 0.01 0.01 0.01 0.01 0.07 0.01
 0.01 0.01 0.02 0.02 0.02 0.01 0.03 0.9  0.08 0.01 0.01]
Data size of available devices
[ 1  3  1  3  3  2  1  2  2  1  2 12  1  4  1 45  1  1  1  1  1  5  1  1
  1]
Convex Optimizer:
FINAL DECISION:
[[0.]
 [0.]
 [0.]
 [0.]
 [0.]
 [0.]
 [0.]
 [0.]
 [0.]
 [0.]
 [0.]
 [1.]
 [0.]
 [0.]
 [0.]
 [0.]
 [0.]
 [0.]
 [0.]
 [0.]
 [0.]
 [0.]
 [0.]
 [0.]
 [0.]]
ERROR RATE: 0.011565705520049823
Linear Optimizer:
FINAL DECISION:
[[0.]
 [1.]
 [0.]
 [0.]
 [0.]
 [0.]
 [0.]
 [0.]
 [0.]
 [0.]
 [0.]
 [0.]
 [0.]
 [0.]
 [0.]
 [0.]
 [0.]
 [0.]
 [0.]
 [0.]
 [0.]
 [0.]
 [0.]
 [0.]
 [0.]]
ERROR RATE: 0.011565705520049823
Greedy
FINAL DECISION:
[[0.]
 [0.]
 [0.]
 [0.]
 [0.]
 [0.]
 [0.]
 [0.]
 [0.]
 [0.]
 [0.]
 [0.]
 [0.]
 [0.]
 [0.]
 [1.]
 [0.]
 [0.]
 [0.]
 [0.]
 [0.]
 [0.]
 [0.]
 [0.]
 [0.]]
ERROR RATE: 0.011565705520049823
Number of all devices 25
Number of available devices 25
Available devices:
[1. 1. 1. 1. 1. 1. 1. 1. 1. 1. 1. 1. 1. 1. 1. 1. 1. 1. 1. 1. 1. 1. 1. 1.
 1.]
Error rates of available devices
[0.01 0.01 0.01 0.05 0.05 0.02 0.04 0.3  0.01 0.01 0.01 0.01 0.04 0.01
 0.05 0.02 0.01 0.01 0.02 0.01 0.01 0.01 0.01 0.33 0.03]
Data size of available devices
[13  1  1  1  1  1  1  1  1  1  1  1  1  2  1  1  3 15  4  1  2  2  1  5
  5]
Convex Optimizer:
FINAL DECISION:
[[1.]
 [0.]
 [0.]
 [0.]
 [0.]
 [0.]
 [0.]
 [0.]
 [0.]
 [0.]
 [0.]
 [0.]
 [0.]
 [0.]
 [0.]
 [0.]
 [0.]
 [0.]
 [0.]
 [0.]
 [0.]
 [0.]
 [0.]
 [0.]
 [1.]]
ERROR RATE: 0.0341569309463689
Linear Optimizer:
FINAL DECISION:
[[0.]
 [0.]
 [0.]
 [0.]
 [0.]
 [0.]
 [0.]
 [0.]
 [0.]
 [0.]
 [0.]
 [0.]
 [0.]
 [0.]
 [0.]
 [0.]
 [1.]
 [0.]
 [0.]
 [0.]
 [0.]
 [0.]
 [0.]
 [0.]
 [0.]]
ERROR RATE: 0.011565705520049823
Greedy
FINAL DECISION:
[[0.]
 [0.]
 [0.]
 [0.]
 [0.]
 [0.]
 [0.]
 [0.]
 [0.]
 [0.]
 [0.]
 [0.]
 [0.]
 [0.]
 [0.]
 [0.]
 [0.]
 [1.]
 [0.]
 [0.]
 [0.]
 [0.]
 [0.]
 [0.]
 [0.]]
ERROR RATE: 0.011565705520049823
Number of all devices 25
Number of available devices 25
Available devices:
[1. 1. 1. 1. 1. 1. 1. 1. 1. 1. 1. 1. 1. 1. 1. 1. 1. 1. 1. 1. 1. 1. 1. 1.
 1.]
Error rates of available devices
[0.03 0.01 0.01 0.03 0.01 0.09 0.01 0.01 0.01 0.04 0.01 0.02 0.01 0.01
 0.01 0.08 0.01 0.04 0.01 0.01 0.01 0.02 0.01 0.01 0.01]
Data size of available devices
[ 2  1  1  2  1 17  1  1  2  6  3  2  2  1  1  1  1  1  1  1  1  3  2  2
  1]
Convex Optimizer:
FINAL DECISION:
[[0.]
 [0.]
 [0.]
 [0.]
 [0.]
 [0.]
 [0.]
 [0.]
 [0.]
 [0.]
 [0.]
 [1.]
 [0.]
 [0.]
 [0.]
 [0.]
 [0.]
 [0.]
 [0.]
 [0.]
 [0.]
 [0.]
 [0.]
 [0.]
 [0.]]
ERROR RATE: 0.02154989031277659
Linear Optimizer:
FINAL DECISION:
[[0.]
 [0.]
 [0.]
 [0.]
 [0.]
 [0.]
 [0.]
 [0.]
 [0.]
 [0.]
 [0.]
 [0.]
 [0.]
 [0.]
 [0.]
 [0.]
 [0.]
 [0.]
 [0.]
 [0.]
 [0.]
 [1.]
 [0.]
 [1.]
 [0.]]
ERROR RATE: 0.024199785904578892
Greedy
FINAL DECISION:
[[0.]
 [0.]
 [0.]
 [0.]
 [0.]
 [1.]
 [0.]
 [0.]
 [0.]
 [0.]
 [0.]
 [0.]
 [0.]
 [0.]
 [0.]
 [0.]
 [0.]
 [0.]
 [0.]
 [0.]
 [0.]
 [0.]
 [0.]
 [0.]
 [0.]]
ERROR RATE: 0.09143918386186398
Number of all devices 25
Number of available devices 25
Available devices:
[1. 1. 1. 1. 1. 1. 1. 1. 1. 1. 1. 1. 1. 1. 1. 1. 1. 1. 1. 1. 1. 1. 1. 1.
 1.]
Error rates of available devices
[0.03 0.01 0.5  0.02 0.01 0.01 0.02 0.05 0.01 0.02 0.04 0.06 0.01 0.01
 0.08 0.01 0.01 0.01 0.04 0.01 0.01 0.11 0.03 0.01 0.01]
Data size of available devices
[ 2  1  1  1  1  2  2  1  1  1  1  1  1  1  8  1 15  1  1  1 10  2  1  1
  1]
Convex Optimizer:
FINAL DECISION:
[[0.]
 [0.]
 [0.]
 [0.]
 [0.]
 [0.]
 [0.]
 [0.]
 [0.]
 [0.]
 [0.]
 [0.]
 [0.]
 [0.]
 [1.]
 [0.]
 [1.]
 [0.]
 [0.]
 [0.]
 [0.]
 [0.]
 [0.]
 [0.]
 [0.]]
ERROR RATE: 0.08394265615531896
Linear Optimizer:
FINAL DECISION:
[[0.]
 [0.]
 [0.]
 [0.]
 [0.]
 [0.]
 [0.]
 [0.]
 [0.]
 [0.]
 [0.]
 [0.]
 [0.]
 [0.]
 [0.]
 [0.]
 [0.]
 [0.]
 [0.]
 [0.]
 [0.]
 [0.]
 [0.]
 [0.]
 [1.]]
ERROR RATE: 0.011565705520049823
Greedy
FINAL DECISION:
[[0.]
 [0.]
 [0.]
 [0.]
 [0.]
 [0.]
 [0.]
 [0.]
 [0.]
 [0.]
 [0.]
 [0.]
 [0.]
 [0.]
 [0.]
 [0.]
 [1.]
 [0.]
 [0.]
 [0.]
 [0.]
 [0.]
 [0.]
 [0.]
 [0.]]
ERROR RATE: 0.011565705520049823
Number of all devices 25
Number of available devices 25
Available devices:
[1. 1. 1. 1. 1. 1. 1. 1. 1. 1. 1. 1. 1. 1. 1. 1. 1. 1. 1. 1. 1. 1. 1. 1.
 1.]
Error rates of available devices
[0.01 0.02 0.01 0.01 0.01 0.01 0.01 0.03 0.03 0.01 0.06 0.01 0.01 0.01
 0.19 0.02 0.01 0.01 0.03 0.01 0.01 0.01 0.1  0.01 0.01]
Data size of available devices
[  1   1   1   1   1   1   1   1 106   1   1   9   4   1   1   1   1   1
   1   1   1   2   2   1   2]
Convex Optimizer:
FINAL DECISION:
[[0.]
 [0.]
 [0.]
 [0.]
 [0.]
 [0.]
 [0.]
 [0.]
 [0.]
 [0.]
 [0.]
 [1.]
 [1.]
 [0.]
 [0.]
 [0.]
 [0.]
 [0.]
 [0.]
 [0.]
 [0.]
 [1.]
 [0.]
 [0.]
 [0.]]
ERROR RATE: 0.02143491612715595
Linear Optimizer:
FINAL DECISION:
[[0.]
 [0.]
 [0.]
 [0.]
 [0.]
 [0.]
 [0.]
 [0.]
 [0.]
 [0.]
 [0.]
 [0.]
 [0.]
 [0.]
 [0.]
 [0.]
 [0.]
 [0.]
 [0.]
 [0.]
 [0.]
 [1.]
 [0.]
 [0.]
 [0.]]
ERROR RATE: 0.011565705520049823
Greedy
FINAL DECISION:
[[0.]
 [0.]
 [0.]
 [0.]
 [0.]
 [0.]
 [0.]
 [0.]
 [1.]
 [0.]
 [0.]
 [0.]
 [0.]
 [0.]
 [0.]
 [0.]
 [0.]
 [0.]
 [0.]
 [0.]
 [0.]
 [0.]
 [0.]
 [0.]
 [0.]]
ERROR RATE: 0.03153407510550336
Number of all devices 25
Number of available devices 25
Available devices:
[1. 1. 1. 1. 1. 1. 1. 1. 1. 1. 1. 1. 1. 1. 1. 1. 1. 1. 1. 1. 1. 1. 1. 1.
 1.]
Error rates of available devices
[0.01 0.01 0.01 0.04 0.01 0.01 0.01 0.01 0.01 0.08 0.03 0.06 0.01 0.02
 0.01 0.04 0.01 0.01 0.01 0.01 0.01 0.01 0.01 0.02 0.01]
Data size of available devices
[ 1  1  1  1  1  1  2 19  1  2  1  2  7  1  1  7  9  4  2  4  1  1  1  1
  1]
Convex Optimizer:
FINAL DECISION:
[[0.]
 [0.]
 [0.]
 [0.]
 [0.]
 [0.]
 [1.]
 [0.]
 [0.]
 [0.]
 [0.]
 [0.]
 [0.]
 [0.]
 [0.]
 [0.]
 [1.]
 [0.]
 [0.]
 [0.]
 [0.]
 [0.]
 [0.]
 [0.]
 [0.]]
ERROR RATE: 0.01424264086278888
Linear Optimizer:
FINAL DECISION:
[[0.]
 [0.]
 [0.]
 [0.]
 [0.]
 [0.]
 [0.]
 [0.]
 [0.]
 [0.]
 [0.]
 [0.]
 [1.]
 [0.]
 [0.]
 [0.]
 [0.]
 [0.]
 [0.]
 [0.]
 [0.]
 [0.]
 [0.]
 [0.]
 [0.]]
ERROR RATE: 0.011565705520049823
Greedy
FINAL DECISION:
[[0.]
 [0.]
 [0.]
 [0.]
 [0.]
 [0.]
 [0.]
 [1.]
 [0.]
 [0.]
 [0.]
 [0.]
 [0.]
 [0.]
 [0.]
 [0.]
 [0.]
 [0.]
 [0.]
 [0.]
 [0.]
 [0.]
 [0.]
 [0.]
 [0.]]
ERROR RATE: 0.011565705520049823
Number of all devices 25
Number of available devices 25
Available devices:
[1. 1. 1. 1. 1. 1. 1. 1. 1. 1. 1. 1. 1. 1. 1. 1. 1. 1. 1. 1. 1. 1. 1. 1.
 1.]
Error rates of available devices
[0.01 0.03 0.01 0.01 0.07 0.01 0.13 0.01 0.01 0.02 0.03 0.01 0.06 0.01
 0.02 0.01 0.01 0.01 0.01 0.06 0.01 0.01 0.01 0.01 0.02]
Data size of available devices
[ 1  9  1  4  1 30  1  3  1  1  1  1  2  1  2  4  1  1  2  2  1  2  1  1
  1]
Convex Optimizer:
FINAL DECISION:
[[0.]
 [0.]
 [0.]
 [0.]
 [0.]
 [1.]
 [0.]
 [0.]
 [0.]
 [0.]
 [0.]
 [0.]
 [0.]
 [0.]
 [0.]
 [0.]
 [0.]
 [0.]
 [0.]
 [0.]
 [0.]
 [0.]
 [0.]
 [0.]
 [0.]]
ERROR RATE: 0.011565705520049823
Linear Optimizer:
FINAL DECISION:
[[0.]
 [0.]
 [0.]
 [0.]
 [0.]
 [0.]
 [0.]
 [0.]
 [0.]
 [0.]
 [0.]
 [0.]
 [0.]
 [0.]
 [0.]
 [1.]
 [0.]
 [0.]
 [0.]
 [0.]
 [0.]
 [1.]
 [0.]
 [0.]
 [0.]]
ERROR RATE: 0.01424264086278888
Greedy
FINAL DECISION:
[[0.]
 [0.]
 [0.]
 [0.]
 [0.]
 [1.]
 [0.]
 [0.]
 [0.]
 [0.]
 [0.]
 [0.]
 [0.]
 [0.]
 [0.]
 [0.]
 [0.]
 [0.]
 [0.]
 [0.]
 [0.]
 [0.]
 [0.]
 [0.]
 [0.]]
ERROR RATE: 0.011565705520049823
Number of all devices 25
Number of available devices